{
 "cells": [
  {
   "cell_type": "code",
   "execution_count": 1,
   "id": "a6d02c9f-bf7a-42c3-a79c-d4574fe50895",
   "metadata": {},
   "outputs": [],
   "source": [
    "import pandas as pd\n",
    "import matplotlib.pyplot as plt\n",
    "import numpy as np"
   ]
  },
  {
   "cell_type": "code",
   "execution_count": 4,
   "id": "4de23093-d1c7-4576-87e7-70318f65a190",
   "metadata": {},
   "outputs": [],
   "source": [
    "data = pd.read_csv(\"data_Resifi.csv\")\n",
    "data.set_index(\"Unnamed: 0\",inplace = True)"
   ]
  },
  {
   "cell_type": "code",
   "execution_count": 5,
   "id": "7c07c610-ef63-4c73-ade6-3cb3de52ff84",
   "metadata": {},
   "outputs": [
    {
     "data": {
      "text/html": [
       "<div>\n",
       "<style scoped>\n",
       "    .dataframe tbody tr th:only-of-type {\n",
       "        vertical-align: middle;\n",
       "    }\n",
       "\n",
       "    .dataframe tbody tr th {\n",
       "        vertical-align: top;\n",
       "    }\n",
       "\n",
       "    .dataframe thead th {\n",
       "        text-align: right;\n",
       "    }\n",
       "</style>\n",
       "<table border=\"1\" class=\"dataframe\">\n",
       "  <thead>\n",
       "    <tr style=\"text-align: right;\">\n",
       "      <th></th>\n",
       "      <th>mslp(hPa)</th>\n",
       "      <th>t2(C)</th>\n",
       "      <th>td2(C)</th>\n",
       "      <th>wind_speed(m/s)</th>\n",
       "      <th>wind_dir(Deg)</th>\n",
       "      <th>rh(%)</th>\n",
       "      <th>GHI(W/m2)</th>\n",
       "      <th>SWDIR(W/m2)</th>\n",
       "      <th>SWDNI(W/m2)</th>\n",
       "      <th>SWDIF(W/m2)</th>\n",
       "      <th>rain(mm)</th>\n",
       "      <th>AOD</th>\n",
       "    </tr>\n",
       "    <tr>\n",
       "      <th>Unnamed: 0</th>\n",
       "      <th></th>\n",
       "      <th></th>\n",
       "      <th></th>\n",
       "      <th></th>\n",
       "      <th></th>\n",
       "      <th></th>\n",
       "      <th></th>\n",
       "      <th></th>\n",
       "      <th></th>\n",
       "      <th></th>\n",
       "      <th></th>\n",
       "      <th></th>\n",
       "    </tr>\n",
       "  </thead>\n",
       "  <tbody>\n",
       "    <tr>\n",
       "      <th>2008-01-01 00:00:00</th>\n",
       "      <td>1012.751</td>\n",
       "      <td>14.887</td>\n",
       "      <td>2.606</td>\n",
       "      <td>2.669</td>\n",
       "      <td>105.078</td>\n",
       "      <td>43.686</td>\n",
       "      <td>0.0</td>\n",
       "      <td>0.0</td>\n",
       "      <td>0.0</td>\n",
       "      <td>0.0</td>\n",
       "      <td>0.0</td>\n",
       "      <td>0.098</td>\n",
       "    </tr>\n",
       "    <tr>\n",
       "      <th>2008-01-01 01:00:00</th>\n",
       "      <td>1012.917</td>\n",
       "      <td>14.429</td>\n",
       "      <td>3.363</td>\n",
       "      <td>2.667</td>\n",
       "      <td>106.699</td>\n",
       "      <td>47.442</td>\n",
       "      <td>0.0</td>\n",
       "      <td>0.0</td>\n",
       "      <td>0.0</td>\n",
       "      <td>0.0</td>\n",
       "      <td>0.0</td>\n",
       "      <td>0.098</td>\n",
       "    </tr>\n",
       "    <tr>\n",
       "      <th>2008-01-01 02:00:00</th>\n",
       "      <td>1012.966</td>\n",
       "      <td>14.580</td>\n",
       "      <td>3.778</td>\n",
       "      <td>3.341</td>\n",
       "      <td>112.426</td>\n",
       "      <td>48.357</td>\n",
       "      <td>0.0</td>\n",
       "      <td>0.0</td>\n",
       "      <td>0.0</td>\n",
       "      <td>0.0</td>\n",
       "      <td>0.0</td>\n",
       "      <td>0.098</td>\n",
       "    </tr>\n",
       "    <tr>\n",
       "      <th>2008-01-01 03:00:00</th>\n",
       "      <td>1013.247</td>\n",
       "      <td>14.390</td>\n",
       "      <td>3.507</td>\n",
       "      <td>3.141</td>\n",
       "      <td>102.371</td>\n",
       "      <td>48.125</td>\n",
       "      <td>0.0</td>\n",
       "      <td>0.0</td>\n",
       "      <td>0.0</td>\n",
       "      <td>0.0</td>\n",
       "      <td>0.0</td>\n",
       "      <td>0.098</td>\n",
       "    </tr>\n",
       "    <tr>\n",
       "      <th>2008-01-01 04:00:00</th>\n",
       "      <td>1013.083</td>\n",
       "      <td>14.388</td>\n",
       "      <td>3.869</td>\n",
       "      <td>3.607</td>\n",
       "      <td>111.300</td>\n",
       "      <td>49.295</td>\n",
       "      <td>0.0</td>\n",
       "      <td>0.0</td>\n",
       "      <td>0.0</td>\n",
       "      <td>0.0</td>\n",
       "      <td>0.0</td>\n",
       "      <td>0.098</td>\n",
       "    </tr>\n",
       "  </tbody>\n",
       "</table>\n",
       "</div>"
      ],
      "text/plain": [
       "                     mslp(hPa)   t2(C)  td2(C)  wind_speed(m/s)  \\\n",
       "Unnamed: 0                                                        \n",
       "2008-01-01 00:00:00   1012.751  14.887   2.606            2.669   \n",
       "2008-01-01 01:00:00   1012.917  14.429   3.363            2.667   \n",
       "2008-01-01 02:00:00   1012.966  14.580   3.778            3.341   \n",
       "2008-01-01 03:00:00   1013.247  14.390   3.507            3.141   \n",
       "2008-01-01 04:00:00   1013.083  14.388   3.869            3.607   \n",
       "\n",
       "                     wind_dir(Deg)   rh(%)  GHI(W/m2)  SWDIR(W/m2)  \\\n",
       "Unnamed: 0                                                           \n",
       "2008-01-01 00:00:00        105.078  43.686        0.0          0.0   \n",
       "2008-01-01 01:00:00        106.699  47.442        0.0          0.0   \n",
       "2008-01-01 02:00:00        112.426  48.357        0.0          0.0   \n",
       "2008-01-01 03:00:00        102.371  48.125        0.0          0.0   \n",
       "2008-01-01 04:00:00        111.300  49.295        0.0          0.0   \n",
       "\n",
       "                     SWDNI(W/m2)  SWDIF(W/m2)  rain(mm)    AOD  \n",
       "Unnamed: 0                                                      \n",
       "2008-01-01 00:00:00          0.0          0.0       0.0  0.098  \n",
       "2008-01-01 01:00:00          0.0          0.0       0.0  0.098  \n",
       "2008-01-01 02:00:00          0.0          0.0       0.0  0.098  \n",
       "2008-01-01 03:00:00          0.0          0.0       0.0  0.098  \n",
       "2008-01-01 04:00:00          0.0          0.0       0.0  0.098  "
      ]
     },
     "execution_count": 5,
     "metadata": {},
     "output_type": "execute_result"
    }
   ],
   "source": [
    "data.head()"
   ]
  },
  {
   "cell_type": "code",
   "execution_count": 6,
   "id": "a15c77f8-bf1a-4c57-8f7f-262aeb3c8448",
   "metadata": {},
   "outputs": [
    {
     "data": {
      "text/html": [
       "<div>\n",
       "<style scoped>\n",
       "    .dataframe tbody tr th:only-of-type {\n",
       "        vertical-align: middle;\n",
       "    }\n",
       "\n",
       "    .dataframe tbody tr th {\n",
       "        vertical-align: top;\n",
       "    }\n",
       "\n",
       "    .dataframe thead th {\n",
       "        text-align: right;\n",
       "    }\n",
       "</style>\n",
       "<table border=\"1\" class=\"dataframe\">\n",
       "  <thead>\n",
       "    <tr style=\"text-align: right;\">\n",
       "      <th></th>\n",
       "      <th>mslp(hPa)</th>\n",
       "      <th>t2(C)</th>\n",
       "      <th>td2(C)</th>\n",
       "      <th>wind_speed(m/s)</th>\n",
       "      <th>wind_dir(Deg)</th>\n",
       "      <th>rh(%)</th>\n",
       "      <th>GHI(W/m2)</th>\n",
       "      <th>SWDIR(W/m2)</th>\n",
       "      <th>SWDNI(W/m2)</th>\n",
       "      <th>SWDIF(W/m2)</th>\n",
       "      <th>rain(mm)</th>\n",
       "      <th>AOD</th>\n",
       "    </tr>\n",
       "  </thead>\n",
       "  <tbody>\n",
       "    <tr>\n",
       "      <th>mslp(hPa)</th>\n",
       "      <td>1.000000</td>\n",
       "      <td>-0.754257</td>\n",
       "      <td>-0.658666</td>\n",
       "      <td>0.149723</td>\n",
       "      <td>-0.206046</td>\n",
       "      <td>-0.093597</td>\n",
       "      <td>-0.130054</td>\n",
       "      <td>-0.147830</td>\n",
       "      <td>-0.098035</td>\n",
       "      <td>-0.026196</td>\n",
       "      <td>0.004320</td>\n",
       "      <td>-0.743134</td>\n",
       "    </tr>\n",
       "    <tr>\n",
       "      <th>t2(C)</th>\n",
       "      <td>-0.754257</td>\n",
       "      <td>1.000000</td>\n",
       "      <td>0.508091</td>\n",
       "      <td>0.050284</td>\n",
       "      <td>0.302226</td>\n",
       "      <td>-0.266858</td>\n",
       "      <td>0.449254</td>\n",
       "      <td>0.446984</td>\n",
       "      <td>0.415188</td>\n",
       "      <td>0.295884</td>\n",
       "      <td>-0.038924</td>\n",
       "      <td>0.742217</td>\n",
       "    </tr>\n",
       "    <tr>\n",
       "      <th>td2(C)</th>\n",
       "      <td>-0.658666</td>\n",
       "      <td>0.508091</td>\n",
       "      <td>1.000000</td>\n",
       "      <td>-0.336033</td>\n",
       "      <td>0.360664</td>\n",
       "      <td>0.667313</td>\n",
       "      <td>0.080313</td>\n",
       "      <td>0.086690</td>\n",
       "      <td>0.061091</td>\n",
       "      <td>0.031016</td>\n",
       "      <td>0.029379</td>\n",
       "      <td>0.569046</td>\n",
       "    </tr>\n",
       "    <tr>\n",
       "      <th>wind_speed(m/s)</th>\n",
       "      <td>0.149723</td>\n",
       "      <td>0.050284</td>\n",
       "      <td>-0.336033</td>\n",
       "      <td>1.000000</td>\n",
       "      <td>-0.116502</td>\n",
       "      <td>-0.412789</td>\n",
       "      <td>0.200448</td>\n",
       "      <td>0.205538</td>\n",
       "      <td>0.183962</td>\n",
       "      <td>0.112335</td>\n",
       "      <td>0.017310</td>\n",
       "      <td>-0.140215</td>\n",
       "    </tr>\n",
       "    <tr>\n",
       "      <th>wind_dir(Deg)</th>\n",
       "      <td>-0.206046</td>\n",
       "      <td>0.302226</td>\n",
       "      <td>0.360664</td>\n",
       "      <td>-0.116502</td>\n",
       "      <td>1.000000</td>\n",
       "      <td>0.130906</td>\n",
       "      <td>0.443484</td>\n",
       "      <td>0.423253</td>\n",
       "      <td>0.418324</td>\n",
       "      <td>0.350110</td>\n",
       "      <td>0.009836</td>\n",
       "      <td>0.115908</td>\n",
       "    </tr>\n",
       "    <tr>\n",
       "      <th>rh(%)</th>\n",
       "      <td>-0.093597</td>\n",
       "      <td>-0.266858</td>\n",
       "      <td>0.667313</td>\n",
       "      <td>-0.412789</td>\n",
       "      <td>0.130906</td>\n",
       "      <td>1.000000</td>\n",
       "      <td>-0.281615</td>\n",
       "      <td>-0.271388</td>\n",
       "      <td>-0.282479</td>\n",
       "      <td>-0.213872</td>\n",
       "      <td>0.084138</td>\n",
       "      <td>-0.007201</td>\n",
       "    </tr>\n",
       "    <tr>\n",
       "      <th>GHI(W/m2)</th>\n",
       "      <td>-0.130054</td>\n",
       "      <td>0.449254</td>\n",
       "      <td>0.080313</td>\n",
       "      <td>0.200448</td>\n",
       "      <td>0.443484</td>\n",
       "      <td>-0.281615</td>\n",
       "      <td>1.000000</td>\n",
       "      <td>0.976457</td>\n",
       "      <td>0.920175</td>\n",
       "      <td>0.718250</td>\n",
       "      <td>-0.022246</td>\n",
       "      <td>0.099797</td>\n",
       "    </tr>\n",
       "    <tr>\n",
       "      <th>SWDIR(W/m2)</th>\n",
       "      <td>-0.147830</td>\n",
       "      <td>0.446984</td>\n",
       "      <td>0.086690</td>\n",
       "      <td>0.205538</td>\n",
       "      <td>0.423253</td>\n",
       "      <td>-0.271388</td>\n",
       "      <td>0.976457</td>\n",
       "      <td>1.000000</td>\n",
       "      <td>0.929242</td>\n",
       "      <td>0.551251</td>\n",
       "      <td>-0.026103</td>\n",
       "      <td>0.115176</td>\n",
       "    </tr>\n",
       "    <tr>\n",
       "      <th>SWDNI(W/m2)</th>\n",
       "      <td>-0.098035</td>\n",
       "      <td>0.415188</td>\n",
       "      <td>0.061091</td>\n",
       "      <td>0.183962</td>\n",
       "      <td>0.418324</td>\n",
       "      <td>-0.282479</td>\n",
       "      <td>0.920175</td>\n",
       "      <td>0.929242</td>\n",
       "      <td>1.000000</td>\n",
       "      <td>0.561792</td>\n",
       "      <td>-0.028575</td>\n",
       "      <td>0.067099</td>\n",
       "    </tr>\n",
       "    <tr>\n",
       "      <th>SWDIF(W/m2)</th>\n",
       "      <td>-0.026196</td>\n",
       "      <td>0.295884</td>\n",
       "      <td>0.031016</td>\n",
       "      <td>0.112335</td>\n",
       "      <td>0.350110</td>\n",
       "      <td>-0.213872</td>\n",
       "      <td>0.718250</td>\n",
       "      <td>0.551251</td>\n",
       "      <td>0.561792</td>\n",
       "      <td>1.000000</td>\n",
       "      <td>-0.001847</td>\n",
       "      <td>0.014496</td>\n",
       "    </tr>\n",
       "    <tr>\n",
       "      <th>rain(mm)</th>\n",
       "      <td>0.004320</td>\n",
       "      <td>-0.038924</td>\n",
       "      <td>0.029379</td>\n",
       "      <td>0.017310</td>\n",
       "      <td>0.009836</td>\n",
       "      <td>0.084138</td>\n",
       "      <td>-0.022246</td>\n",
       "      <td>-0.026103</td>\n",
       "      <td>-0.028575</td>\n",
       "      <td>-0.001847</td>\n",
       "      <td>1.000000</td>\n",
       "      <td>-0.059315</td>\n",
       "    </tr>\n",
       "    <tr>\n",
       "      <th>AOD</th>\n",
       "      <td>-0.743134</td>\n",
       "      <td>0.742217</td>\n",
       "      <td>0.569046</td>\n",
       "      <td>-0.140215</td>\n",
       "      <td>0.115908</td>\n",
       "      <td>-0.007201</td>\n",
       "      <td>0.099797</td>\n",
       "      <td>0.115176</td>\n",
       "      <td>0.067099</td>\n",
       "      <td>0.014496</td>\n",
       "      <td>-0.059315</td>\n",
       "      <td>1.000000</td>\n",
       "    </tr>\n",
       "  </tbody>\n",
       "</table>\n",
       "</div>"
      ],
      "text/plain": [
       "                 mslp(hPa)     t2(C)    td2(C)  wind_speed(m/s)  \\\n",
       "mslp(hPa)         1.000000 -0.754257 -0.658666         0.149723   \n",
       "t2(C)            -0.754257  1.000000  0.508091         0.050284   \n",
       "td2(C)           -0.658666  0.508091  1.000000        -0.336033   \n",
       "wind_speed(m/s)   0.149723  0.050284 -0.336033         1.000000   \n",
       "wind_dir(Deg)    -0.206046  0.302226  0.360664        -0.116502   \n",
       "rh(%)            -0.093597 -0.266858  0.667313        -0.412789   \n",
       "GHI(W/m2)        -0.130054  0.449254  0.080313         0.200448   \n",
       "SWDIR(W/m2)      -0.147830  0.446984  0.086690         0.205538   \n",
       "SWDNI(W/m2)      -0.098035  0.415188  0.061091         0.183962   \n",
       "SWDIF(W/m2)      -0.026196  0.295884  0.031016         0.112335   \n",
       "rain(mm)          0.004320 -0.038924  0.029379         0.017310   \n",
       "AOD              -0.743134  0.742217  0.569046        -0.140215   \n",
       "\n",
       "                 wind_dir(Deg)     rh(%)  GHI(W/m2)  SWDIR(W/m2)  SWDNI(W/m2)  \\\n",
       "mslp(hPa)            -0.206046 -0.093597  -0.130054    -0.147830    -0.098035   \n",
       "t2(C)                 0.302226 -0.266858   0.449254     0.446984     0.415188   \n",
       "td2(C)                0.360664  0.667313   0.080313     0.086690     0.061091   \n",
       "wind_speed(m/s)      -0.116502 -0.412789   0.200448     0.205538     0.183962   \n",
       "wind_dir(Deg)         1.000000  0.130906   0.443484     0.423253     0.418324   \n",
       "rh(%)                 0.130906  1.000000  -0.281615    -0.271388    -0.282479   \n",
       "GHI(W/m2)             0.443484 -0.281615   1.000000     0.976457     0.920175   \n",
       "SWDIR(W/m2)           0.423253 -0.271388   0.976457     1.000000     0.929242   \n",
       "SWDNI(W/m2)           0.418324 -0.282479   0.920175     0.929242     1.000000   \n",
       "SWDIF(W/m2)           0.350110 -0.213872   0.718250     0.551251     0.561792   \n",
       "rain(mm)              0.009836  0.084138  -0.022246    -0.026103    -0.028575   \n",
       "AOD                   0.115908 -0.007201   0.099797     0.115176     0.067099   \n",
       "\n",
       "                 SWDIF(W/m2)  rain(mm)       AOD  \n",
       "mslp(hPa)          -0.026196  0.004320 -0.743134  \n",
       "t2(C)               0.295884 -0.038924  0.742217  \n",
       "td2(C)              0.031016  0.029379  0.569046  \n",
       "wind_speed(m/s)     0.112335  0.017310 -0.140215  \n",
       "wind_dir(Deg)       0.350110  0.009836  0.115908  \n",
       "rh(%)              -0.213872  0.084138 -0.007201  \n",
       "GHI(W/m2)           0.718250 -0.022246  0.099797  \n",
       "SWDIR(W/m2)         0.551251 -0.026103  0.115176  \n",
       "SWDNI(W/m2)         0.561792 -0.028575  0.067099  \n",
       "SWDIF(W/m2)         1.000000 -0.001847  0.014496  \n",
       "rain(mm)           -0.001847  1.000000 -0.059315  \n",
       "AOD                 0.014496 -0.059315  1.000000  "
      ]
     },
     "execution_count": 6,
     "metadata": {},
     "output_type": "execute_result"
    }
   ],
   "source": [
    "data.corr()"
   ]
  },
  {
   "cell_type": "code",
   "execution_count": null,
   "id": "65a24076-c22c-43b2-b708-c69a1097a64b",
   "metadata": {},
   "outputs": [],
   "source": []
  }
 ],
 "metadata": {
  "kernelspec": {
   "display_name": "Python 3 (ipykernel)",
   "language": "python",
   "name": "python3"
  },
  "language_info": {
   "codemirror_mode": {
    "name": "ipython",
    "version": 3
   },
   "file_extension": ".py",
   "mimetype": "text/x-python",
   "name": "python",
   "nbconvert_exporter": "python",
   "pygments_lexer": "ipython3",
   "version": "3.9.12"
  }
 },
 "nbformat": 4,
 "nbformat_minor": 5
}
